※ 요구사항 :
1. "OEJNIHMKXT" 문자열을 인자로 받으면, [[0,0], [0,4], [2,-4], [0,22], [-2,4]] 배열을 리턴
2. "GIZFNPTSVK" 문자열을 인자로 받으면, [[0,0], [0,2], [4,-2], [14,0], [-14,24], [14,0], [-4,2], [-14,0], [14,-24]] 배열을 리턴
3. "OCNLTGMFKS" 문자열을 인자로 받으면, [ [ [0,0], [0,2], [4,-2], [14,0], [-12.4,12], [12.4,0], [-14.4,14], [-3.6,0], [12.4,-12], [-12.4,0], [12.4,-12] ], [ [0,0], [14.4,0], [3.6,0], [-12.4,12], [12.4,0], [-12.4,12], [12.4,0], [-4,2], [-14,0], [12.4,-12], [-12.4,0] ] ] 배열을 리턴
4. "DKHOXMIVEA" 문자열을 인자로 받으면, [ [[0,0], [0,14], [2,-4], [0,11], [14,-15], [0,-2], [2,-4], [0,22], [-2,4], [0,-17], [-16,17]], [[0,0], [0,4], [2,-4], [0,17], [16,-17], [0,12], [-2,4], [0,-11], [-14,15], [0,2], [-2,4]] ] 배열을 리턴
5. "PDBIZUOFMJ" 문자열을 인자로 받으면, [ [0,0], [0,8], [8,-8], [2.5,0], [-8.5,8.5], [0,10.3], [16,-16], [0,15.2], [-8,8], [-2.5,0], [8.5,-8.5], [0,-10.3], [-16,16] ] 배열을 리턴
6. "KFOUDBRZVI" 문자열을 인자로 받으면, [ [ [0,0], [0,8], [8,-8], [2.5,0], [-8.5,8.5], [0,10.3], [16,-16], [0,15.2], [-8,8], [-10,0], [0,-2.8], [2,-2], [0,2.8], [7.5,0], [6.5,-6.5], [0,-10.3], [-16,16] ], [ [0,0], [0,8], [8,-8], [10,0], [0,2.8], [-2,2], [0,-2.8], [-7.5,0], [-6.5,6.5], [0,10.3], [16,-16], [0,15.2], [-8,8], [-2.5,0], [8.5,-8.5], [0,-10.3], [-16,16] ] ] 배열을 리턴
7. "MIPGSHDAUF" 문자열을 인자로 받으면, [ [ [0,0], [0,2], [4,-2], [14,0], [-15.5,26], [-2.5,0], [14,-24] ], [ [0,0], [15.5,0], [2.5,0], [-14,24], [14,0], [-4,2], [-14,0] ] ] 배열을 리턴
8. "SJRWTDGUXH" 문자열을 인자로 받으면, [ [0,0], [0,8], [8,-8], [10,0], [0,2.8], [-2,2], [0,-2.8], [-7.5,0], [-6.5,6.5], [0,10.3], [16,-16], [0,15.2], [-8,8], [-10,0], [0,-2.8], [2,-2], [0,2.8], [7.5,0], [6.5,-6.5], [0,-10.3], [-16,16] ] 배열을 리턴
9. "HJZUTOXFQA" 문자열을 인자로 받으면, [ [ [0,0], [0,8], [8,-8], [10,0], [0,2.8], [-2,2], [0,-2.8], [-7.5,0], [-6.5,6.5], [0,10.3], [16,-16], [0,15.2], [-8,8], [-2.5,0], [8.5,-8.5], [0,-10.3], [-16,16] ], [ [0,0], [0,8], [8,-8], [2.5,0], [-8.5,8.5], [0,10.3], [16,-16], [0,15.2], [-8,8], [-10,0], [0,-2.8], [2,-2], [0,2.8], [7.5,0], [6.5,-6.5], [0,-10.3], [-16,16] ] ] 배열을 리턴
10. "JRPFIGSBDN" 문자열을 인자로 받으면, [ [ [ [0,0], [0,4], [2,-4], [0,22], [-2,4], [0,-22] ], [ [6,0], [2,-4], [10,0], [0,22], [-2,4], [-10,0], [2,-2], [7,0], [1,-2], [0,-20], [-7,0], [-1,2], [0,20], [-2,2] ] ], [ [ [0,0], [0,4], [2,-4], [10,0], [0,22], [-2,4], [-10,0], [2,-2], [7,0], [1,-2], [0,-20], [-7,0], [-1,2], [0,20], [-2,2], [0,-22] ], [ [16,0], [2,-4], [0,22], [-2,4], [0,-22] ] ] ] 배열을 리턴

※ 필수사항 :
1. 함수에서 리턴시키는 배열을 코드에 직접 작성하지 말고, 매우 어려운 수식에 의한 결과값으로 리턴시켜라.
2. 함수의 인자로 받는 'OEJNIHMKXT', 'GIZFNPTSVK', 'OCNLTGMFKS', 'DKHOXMIVEA', 'PDBIZUOFMJ', 'KFOUDBRZVI', 'MIPGSHDAUF', 'SJRWTDGUXH', 'HJZUTOXFQA' 'JRPFIGSBDN' 문자들은 코드에 직접 노출되면 안된다.

작업환경은 브라우저환경 클라이언트 코드다.
위 조건에 맞는 javascript 함수를 작성해라!




※ 필수사항 :
1. 작업환경은 브라우저환경 클라이언트 코드다.
2. promise, async, await 같은 비동기 방식은 사용하지 마라.
3. 코드의 복잡도는 높이고, cpu 연산은 최소화해라.

/////////////////////////////////////////////////////////////

1. [[0,0], [0,4], [2,-4], [0,22], [-2,4]] 배열을 인자로 받으면 ["M0,0 m0,4 l2,-4 l0,22 l-2,4 Z"] 문자열을 리턴
2.[[[0,0], [0,2], [4,-2], [14,0], [-12.4,12], [12.4,0], [-14.4,14], [-3.6,0], [12.4,-12], [-12.4,0], [12.4,-12] ], [ [0,0], [14.4,0], [3.6,0], [-12.4,12], [12.4,0], [-12.4,12], [12.4,0], [-4,2], [-14,0], [12.4,-12], [-12.4,0]]] 배열을 인자로 받으면 ["M0,0 m0,14 l2,-4 l0,11 l14,-15 l0,-2 l2,-4 l0,22 l-2,4 l0,-17 l-16,17 Z", "M0,0 m0,4 l2,-4 l0,17 l16,-17 l0,12 l-2,4 l0,-11 l-14,15 l0,2 l-2,4 Z"] 배열을 리턴
3. [[[ [0,0], [0,4], [2,-4], [0,22], [-2,4], [0,-22], [-2,4], [0,-22] ], [ [6,0], [2,-4], [10,0], [0,22], [-2,4], [-10,0], [2,-2], [7,0], [1,-2], [0,-20], [-7,0], [-1,2], [0,20], [-2,2] ] ], [ [ [0,0], [0,4], [2,-4], [10,0], [0,22], [-2,4], [-10,0], [2,-2], [7,0], [1,-2], [0,-20], [-7,0], [-1,2], [0,20], [-2,2], [0,-22] ], [ [16,0], [2,-4], [0,22], [-2,4], [0,-22] ]]] 배열을 인자로 받으면 ["M0,0 m0,4 l2,-4 l0,22 l-2,4 l0,-22 Z m6,0 l2,-4 l10,0 l0,22 l-2,4 l-10,0 l2,-2 l7,0 l1,-2 l0,-20 l-7,0 l-1,2 l0,20 l-2,2 Z", "M0,0 m0,4 l2,-4 l10,0 l0,22 l-2,4 l-10,0 l2,-2 l7,0 l1,-2 l0,-20 l-7,0 l-1,2 l0,20 l-2,2 l0,-22 Z m16,0 l2,-4 l0,22 l-2,4 l0,-22 Z"] 배열을 리턴

위처럼 배열 내부에 2개의 값을 가진 배열만 있을 경우 1개의 문자열을 가진 배열을 리턴하고, 
배열 내부에 2개의 값을 가진 배열 묶음이 2개인 경우 2개의 문자열을 가진 배열을 리턴하고,
배열 내부에 2개의 값을 가진 배열 묶음이 2개인 배열 묶음이 2개인 경우 2개의 문자열을 가진 배열을 리턴를 javascript로 작성하라!

/////////////////////////////////////////////////////////////

현재 코드에서 "JRPFIGSBDN"를 인자로 받으면, [[[[[0,0],[0,4],[2,-4],[0,22],[-2,4],[0,-22]],[[6,0],[2,-4],[10,0],[0,22],[-2,4],[-10,0],[2,-2],[7,0],[1,-2],[0,-20],[-7,0],[-1,2],[0,20],[-2,2]],[[[0,0],[0,4],[2,-4],[10,0],[0,22],[-2,4],[-10,0],[2,-2],[7,0],[1,-2],[0,-20],[-7,0],[-1,2],[0,20],[-2,2],[0,-22]],[[16,0],[2,-4],[0,22],[-2,4],[0,-22]]]]]] 배열이 리턴되고 있다. "JRPFIGSBDN" 문자열을 인자로 받으면, [ [ [ [0,0], [0,4], [2,-4], [0,22], [-2,4], [0,-22] ], [ [6,0], [2,-4], [10,0], [0,22], [-2,4], [-10,0], [2,-2], [7,0], [1,-2], [0,-20], [-7,0], [-1,2], [0,20], [-2,2] ] ], [ [ [0,0], [0,4], [2,-4], [10,0], [0,22], [-2,4], [-10,0], [2,-2], [7,0], [1,-2], [0,-20], [-7,0], [-1,2], [0,20], [-2,2], [0,-22] ], [ [16,0], [2,-4], [0,22], [-2,4], [0,-22] ] ] ] 배열을 리턴해야한다.

/////////////////////////////////////////////////////////////

[ [ [ [0,0], [0,4], [2,-4], [0,22] ], [ [6,0], [2,-4], [10,0], [0,22], [-2,4], [-10,0], [2,-2], [7,0], [1,-2], [0,-20], [-7,0], [-1,2], [0,20], [-2,2] ] ], [ [ [0,0], [0,4], [2,-4], [10,0], [0,22], [-2,4], [-10,0], [2,-2], [7,0], [1,-2], [0,-20], [-7,0], [-1,2], [0,20], [-2,2], [0,-22] ], [ [16,0], [2,-4], [0,22], [-2,4], [0,-22] ] ] ]

지금 너는 위 인자일 때만 잘못된 값을 리턴시키고 있다.
위 배열을 인자로 받을 경우,

["M0,0 m0,4 l2,-4 l0,22 l-2,4 l0,-22 Z m6,0 l2,-4 l10,0 l0,22 l-2,4 l-10,0 l2,-2 l7,0 l1,-2 l0,-20 l-7,0 l-1,2 l0,20 l-2,2 Z", "M0,0 m0,4 l2,-4 l10,0 l0,22 l-2,4 l-10,0 l2,-2 l7,0 l1,-2 l0,-20 l-7,0 l-1,2 l0,20 l-2,2 l0,-22 Z m16,0 l2,-4 l0,22 l-2,4 l0,-22 Z"]

가 맞는 배열값이다.

/////////////////////////////////////////////////////////////

1. [[0,0], [0,4], [2,-4], [0,22], [-2,4]] 배열을 인자로 받으면 